0 0 5
0 1 5
0 2 5
0 3 5
0 4 5
0 5 5
0 6 5
0 7 5
0 8 5
0 9 5
0 10 5
0 11 5
0 12 5
0 13 5
0 14 5
0 15 5

1 0 5
1 1 5
1 2 5
1 3 5
1 4 4.72469
1 5 4.57094
1 6 4.47736
1 7 4.43103
1 8 4.43103
1 9 4.47736
1 10 4.57094
1 11 4.72469
1 12 5
1 13 5
1 14 5
1 15 5

2 0 5
2 1 5
2 2 5
2 3 4.64822
2 4 4.33613
2 5 4.093
2 6 3.92152
2 7 3.82999
2 8 3.82999
2 9 3.92152
2 10 4.093
2 11 4.33613
2 12 4.64822
2 13 5
2 14 5
2 15 5

3 0 5
3 1 5
3 2 4.64822
3 3 4.2673
3 4 3.89557
3 5 3.56721
3 6 3.31025
3 7 3.16381
3 8 3.16381
3 9 3.31025
3 10 3.56721
3 11 3.89557
3 12 4.2673
3 13 4.64822
3 14 5
3 15 5

4 0 5
4 1 4.72469
4 2 4.33613
4 3 3.89557
4 4 3.43986
4 5 2.99956
4 6 2.62183
4 7 2.38338
4 8 2.38338
4 9 2.62183
4 10 2.99956
4 11 3.43986
4 12 3.89557
4 13 4.33613
4 14 4.72469
4 15 5

5 0 5
5 1 4.57094
5 2 4.093
5 3 3.56721
5 4 2.99956
5 5 2.40515
5 6 1.82631
5 7 1.39629
5 8 1.39629
5 9 1.82631
5 10 2.40515
5 11 2.99956
5 12 3.56721
5 13 4.093
5 14 4.57094
5 15 5

6 0 5
6 1 4.47736
6 2 3.92152
6 3 3.31025
6 4 2.62183
6 5 1.82631
6 6 0.90971
6 7 0
6 8 0
6 9 0.90971
6 10 1.82631
6 11 2.62183
6 12 3.31025
6 13 3.92152
6 14 4.47736
6 15 5

7 0 5
7 1 4.43103
7 2 3.82999
7 3 3.16381
7 4 2.38338
7 5 1.39629
7 6 0
7 7 0
7 8 0
7 9 0
7 10 1.39629
7 11 2.38338
7 12 3.16381
7 13 3.82999
7 14 4.43103
7 15 5

8 0 5
8 1 4.43103
8 2 3.82999
8 3 3.16381
8 4 2.38338
8 5 1.39629
8 6 0
8 7 0
8 8 0
8 9 0
8 10 1.39629
8 11 2.38338
8 12 3.16381
8 13 3.82999
8 14 4.43103
8 15 5

9 0 5
9 1 4.47736
9 2 3.92152
9 3 3.31025
9 4 2.62183
9 5 1.82631
9 6 0.90971
9 7 0
9 8 0
9 9 0.90971
9 10 1.82631
9 11 2.62183
9 12 3.31025
9 13 3.92152
9 14 4.47736
9 15 5

10 0 5
10 1 4.57094
10 2 4.093
10 3 3.56721
10 4 2.99956
10 5 2.40515
10 6 1.82631
10 7 1.39629
10 8 1.39629
10 9 1.82631
10 10 2.40515
10 11 2.99956
10 12 3.56721
10 13 4.093
10 14 4.57094
10 15 5

11 0 5
11 1 4.72469
11 2 4.33613
11 3 3.89557
11 4 3.43986
11 5 2.99956
11 6 2.62183
11 7 2.38338
11 8 2.38338
11 9 2.62183
11 10 2.99956
11 11 3.43986
11 12 3.89557
11 13 4.33613
11 14 4.72469
11 15 5

12 0 5
12 1 5
12 2 4.64822
12 3 4.2673
12 4 3.89557
12 5 3.56721
12 6 3.31025
12 7 3.16381
12 8 3.16381
12 9 3.31025
12 10 3.56721
12 11 3.89557
12 12 4.2673
12 13 4.64822
12 14 5
12 15 5

13 0 5
13 1 5
13 2 5
13 3 4.64822
13 4 4.33613
13 5 4.093
13 6 3.92152
13 7 3.82999
13 8 3.82999
13 9 3.92152
13 10 4.093
13 11 4.33613
13 12 4.64822
13 13 5
13 14 5
13 15 5

14 0 5
14 1 5
14 2 5
14 3 5
14 4 4.72469
14 5 4.57094
14 6 4.47736
14 7 4.43103
14 8 4.43103
14 9 4.47736
14 10 4.57094
14 11 4.72469
14 12 5
14 13 5
14 14 5
14 15 5

15 0 5
15 1 5
15 2 5
15 3 5
15 4 5
15 5 5
15 6 5
15 7 5
15 8 5
15 9 5
15 10 5
15 11 5
15 12 5
15 13 5
15 14 5
15 15 5

